{
 "cells": [
  {
   "cell_type": "markdown",
   "metadata": {},
   "source": [
    "# Projet Numérique: Câble sous-marin \n",
    "Mahé Maxence\n",
    "Belamri Pierre"
   ]
  },
  {
   "cell_type": "markdown",
   "metadata": {},
   "source": [
    "## Questions Théoriques"
   ]
  },
  {
   "cell_type": "markdown",
   "metadata": {},
   "source": [
    "\n",
    "\n",
    "1) Le théorème du cours permettant d'estimer l'espérance conditionnelle par la moyenne empirique de simulation conditionnelles est la loi des grands nombres faible : $$ {\\displaystyle  \\lim _{n\\to +\\infty }\\mathbf {P} \\left(\\left|{\\overline {X}}_{n}-\\mu \\right|>\\varepsilon \\right)=0} $$"
   ]
  },
  {
   "cell_type": "markdown",
   "metadata": {},
   "source": [
    "2) Afin d'obtenir la loi conditionnelle, référons nous à la partie du cours de Probabilité IV sur les vecteurs Gaussien. Appelons $ Y=(Z(x_{0} ), ..., Z(x_{k-1})) $ représentant l'ensemble des points dont on ne connait pas la profondeur et $ Z = (Z(x_{k} ), Z(x_{2})...,Z(x_{N}) ) $ qui représente la liste de points dont on a mesuré la profondeur. Le vecteur initial permettant la construction est un vecteur Gaussien, or un vecteur Gaussien étant une combinaison linéaire de variable gaussienne, le réarrangement reste Gaussien, on peut donc affirmer que le vecteur $ X=(Y, Z) $ est aussi Gaussien. On peut alors appliquer la preuve de la page 12-13 qui nous donne l'expression de la densité de $ Y $ sachant $ Z=z $ qui est $$ \\frac{1}{(2 \\pi) ^{k/2}    \\sqrt{     \\det ( CS_{Y} )     }    } \\exp \\left(     - \\frac{1}{2}  (y - \\psi (z)) ^{t} CS_{Y}  ^{-1} (y- \\psi (z))                                                                                                       \\right) $$\n",
    "\n",
    "$$ avec ~~~ \\psi (z) = m_{Y} - C_{Y,Z} C_{Z } ^{-1} (z-m_{Z} )$$\n",
    "\n",
    "Il reste à expliciter les paramètres. Tout d'abord $ m_{Z} $ et $ m_{Y} $ valent toutes les deux $ \\mu $ d'après l'énoncé.\n",
    "La matrice de covariance de $ X $ est en fait une matrice par bloc $ \\begin{pmatrix} C_{Y} & C_{Y,Z} \\\\ C_{Z,Y} & C_{Z} \\end{pmatrix} $. \n"
   ]
  },
  {
   "cell_type": "markdown",
   "metadata": {},
   "source": [
    "3) Avec $  Z=m+RY $ on a $ E(Z)=( \\mu, \\mu , ..., \\mu ) $ et $ V(Z)=( \\sum_{i=1}^{n} \\left( R_{1,i} \\right) ^{2}, ..., \\sum_{i=1}^{n} \\left( R_{n,i} \\right) ^{2} ) $"
   ]
  },
  {
   "cell_type": "markdown",
   "metadata": {},
   "source": [
    "4) Il existe un module Python permettant de générer un vecteur Gaussien dont les composantes sont indépentantes, d'espérance nulle et de variance égale à 1. En utilisant ce module on peut construire $Z$ avec $Z=m+RY$, $m$ étant choisie il suffit de construire R tel que $^{t}RR=C_{Z}$. "
   ]
  },
  {
   "cell_type": "markdown",
   "metadata": {},
   "source": [
    "## Questions\n"
   ]
  },
  {
   "cell_type": "markdown",
   "metadata": {},
   "source": [
    "1)"
   ]
  },
  {
   "cell_type": "code",
   "execution_count": 39,
   "metadata": {},
   "outputs": [],
   "source": [
    "import numpy as np\n",
    "import math\n",
    "import matplotlib.pyplot as plt\n",
    "from itertools import product\n",
    "\n",
    "A=0\n",
    "B=500\n",
    "N=101\n",
    "Delta= (B-A)/(N-1)\n",
    "discretization_indexes = np.arange(N)\n",
    "discretization = discretization_indexes * Delta\n",
    "\n",
    "\n",
    "\n",
    "mu = -5\n",
    "a = 50\n",
    "sigma2 = 12\n",
    "\n",
    "\n",
    "observation_indexes = [0,20,40,60,80,100]\n",
    "depth = np.array([0,-4,-12.8,-1,-6.5,0])\n",
    "\n",
    "unknown_indexes=list(set(discretization_indexes)-set(observation_indexes))\n",
    "\n",
    "\n",
    "#Fonction C\n",
    "\n",
    "def C(t,a,sigma2):\n",
    "    return sigma2*math.exp(-abs(t)/a)\n",
    "\n",
    "#Question 1\n",
    "\n",
    "def cov(D, a, sigma2) :\n",
    "    return sigma2 * np.exp(-np.abs(D)/a)"
   ]
  },
  {
   "cell_type": "markdown",
   "metadata": {},
   "source": [
    "2)"
   ]
  },
  {
   "cell_type": "code",
   "execution_count": 86,
   "metadata": {},
   "outputs": [
    {
     "name": "stdout",
     "output_type": "stream",
     "text": [
      "[[   0.    5.   10. ...,  490.  495.  500.]\n",
      " [   5.    0.    5. ...,  485.  490.  495.]\n",
      " [  10.    5.    0. ...,  480.  485.  490.]\n",
      " ..., \n",
      " [ 490.  485.  480. ...,    0.    5.   10.]\n",
      " [ 495.  490.  485. ...,    5.    0.    5.]\n",
      " [ 500.  495.  490. ...,   10.    5.    0.]]\n"
     ]
    }
   ],
   "source": [
    "l= len(observation_indexes)\n",
    "D= np.zeros((N,N),float)\n",
    "for i,j in product(range(N),range(N)):\n",
    "    Dij = (B-A)/(N-1) * abs(i-j)\n",
    "    D[i,j] = Dij\n",
    "\n",
    "\n",
    "#D est la matrice de distance\n",
    "print(D)"
   ]
  },
  {
   "cell_type": "markdown",
   "metadata": {},
   "source": [
    "3)"
   ]
  },
  {
   "cell_type": "code",
   "execution_count": 87,
   "metadata": {},
   "outputs": [
    {
     "name": "stdout",
     "output_type": "stream",
     "text": [
      "[[  1.20000000e+01   1.08580490e+01   9.82476904e+00 ...,   6.65419193e-04\n",
      "    6.02096185e-04   5.44799157e-04]\n",
      " [  1.08580490e+01   1.20000000e+01   1.08580490e+01 ...,   7.35401941e-04\n",
      "    6.65419193e-04   6.02096185e-04]\n",
      " [  9.82476904e+00   1.08580490e+01   1.20000000e+01 ...,   8.12744838e-04\n",
      "    7.35401941e-04   6.65419193e-04]\n",
      " ..., \n",
      " [  6.65419193e-04   7.35401941e-04   8.12744838e-04 ...,   1.20000000e+01\n",
      "    1.08580490e+01   9.82476904e+00]\n",
      " [  6.02096185e-04   6.65419193e-04   7.35401941e-04 ...,   1.08580490e+01\n",
      "    1.20000000e+01   1.08580490e+01]\n",
      " [  5.44799157e-04   6.02096185e-04   6.65419193e-04 ...,   9.82476904e+00\n",
      "    1.08580490e+01   1.20000000e+01]]\n"
     ]
    }
   ],
   "source": [
    "#SIGMA = np.zeros((N,N),float) #SIGMA est la matrice de covariance de Z \n",
    "SIGMA = cov(D, a, sigma2)\n",
    "\n",
    "print(SIGMA)"
   ]
  },
  {
   "cell_type": "markdown",
   "metadata": {},
   "source": [
    "4)"
   ]
  },
  {
   "cell_type": "code",
   "execution_count": 88,
   "metadata": {},
   "outputs": [
    {
     "name": "stdout",
     "output_type": "stream",
     "text": [
      "[[  1.20000000e+01   1.62402340e+00   2.19787667e-01   2.97450261e-02\n",
      "    4.02555153e-03   5.44799157e-04]\n",
      " [  1.62402340e+00   1.20000000e+01   1.62402340e+00   2.19787667e-01\n",
      "    2.97450261e-02   4.02555153e-03]\n",
      " [  2.19787667e-01   1.62402340e+00   1.20000000e+01   1.62402340e+00\n",
      "    2.19787667e-01   2.97450261e-02]\n",
      " [  2.97450261e-02   2.19787667e-01   1.62402340e+00   1.20000000e+01\n",
      "    1.62402340e+00   2.19787667e-01]\n",
      " [  4.02555153e-03   2.97450261e-02   2.19787667e-01   1.62402340e+00\n",
      "    1.20000000e+01   1.62402340e+00]\n",
      " [  5.44799157e-04   4.02555153e-03   2.97450261e-02   2.19787667e-01\n",
      "    1.62402340e+00   1.20000000e+01]]\n"
     ]
    }
   ],
   "source": [
    "#Calcul de SIGMA_OBSERVATION , la matrice de covariance entre les observations \n",
    "\n",
    "\n",
    "SIGMA_OBSERVATION = np.array([[ SIGMA[i][j] for j in observation_indexes] for i in observation_indexes])\n",
    "\n",
    "\n",
    "print(SIGMA_OBSERVATION)"
   ]
  },
  {
   "cell_type": "code",
   "execution_count": 89,
   "metadata": {},
   "outputs": [
    {
     "name": "stdout",
     "output_type": "stream",
     "text": [
      "[[  1.08580490e+01   1.79482343e+00   2.42902937e-01   3.28733378e-02\n",
      "    4.44892249e-03   6.02096185e-04]\n",
      " [  9.82476904e+00   1.98358666e+00   2.68449262e-01   3.63306569e-02\n",
      "    4.91681975e-03   6.65419193e-04]\n",
      " [  8.88981865e+00   2.19220229e+00   2.96682318e-01   4.01515855e-02\n",
      "    5.43392619e-03   7.35401941e-04]\n",
      " [  8.04384055e+00   2.42275822e+00   3.27884669e-01   4.43743646e-02\n",
      "    6.00541720e-03   8.12744838e-04]\n",
      " [  7.27836792e+00   2.67756192e+00   3.62368601e-01   4.90412573e-02\n",
      "    6.63701244e-03   8.98221959e-04]\n",
      " [  6.58573963e+00   2.95916357e+00   4.00479240e-01   5.41989713e-02\n",
      "    7.33503313e-03   9.92688787e-04]\n",
      " [  5.95902365e+00   3.27038152e+00   4.42598009e-01   5.98991269e-02\n",
      "    8.10646530e-03   1.09709078e-03]\n",
      " [  5.39194757e+00   3.61433054e+00   4.89146448e-01   6.61987730e-02\n",
      "    8.95902970e-03   1.21247282e-03]\n",
      " [  4.87883592e+00   3.99445300e+00   5.40590429e-01   7.31609588e-02\n",
      "    9.90125908e-03   1.33998970e-03]\n",
      " [  4.41455329e+00   4.41455329e+00   5.97444820e-01   8.08553640e-02\n",
      "    1.09425836e-02   1.48091765e-03]\n",
      " [  3.99445300e+00   4.87883592e+00   6.60278641e-01   8.93589969e-02\n",
      "    1.20934251e-02   1.63666712e-03]\n",
      " [  3.61433054e+00   5.39194757e+00   7.29720752e-01   9.87569646e-02\n",
      "    1.33653018e-02   1.80879690e-03]\n",
      " [  3.27038152e+00   5.95902365e+00   8.06466153e-01   1.09143325e-01\n",
      "    1.47709428e-02   1.99902973e-03]\n",
      " [  2.95916357e+00   6.58573963e+00   8.91282939e-01   1.20622029e-01\n",
      "    1.63244165e-02   2.20926952e-03]\n",
      " [  2.67756192e+00   7.27836792e+00   9.85019983e-01   1.33307958e-01\n",
      "    1.80412703e-02   2.44162043e-03]\n",
      " [  2.42275822e+00   8.04384055e+00   1.08861544e+00   1.47328079e-01\n",
      "    1.99386873e-02   2.69840789e-03]\n",
      " [  2.19220229e+00   8.88981865e+00   1.20310612e+00   1.62822708e-01\n",
      "    2.20356573e-02   2.98220193e-03]\n",
      " [  1.98358666e+00   9.82476904e+00   1.32963790e+00   1.79946922e-01\n",
      "    2.43531676e-02   3.29584284e-03]\n",
      " [  1.79482343e+00   1.08580490e+01   1.46947714e+00   1.98872105e-01\n",
      "    2.69144126e-02   3.64246966e-03]\n",
      " [  1.46947714e+00   1.08580490e+01   1.79482343e+00   2.42902937e-01\n",
      "    3.28733378e-02   4.44892249e-03]\n",
      " [  1.32963790e+00   9.82476904e+00   1.98358666e+00   2.68449262e-01\n",
      "    3.63306569e-02   4.91681975e-03]\n",
      " [  1.20310612e+00   8.88981865e+00   2.19220229e+00   2.96682318e-01\n",
      "    4.01515855e-02   5.43392619e-03]\n",
      " [  1.08861544e+00   8.04384055e+00   2.42275822e+00   3.27884669e-01\n",
      "    4.43743646e-02   6.00541720e-03]\n",
      " [  9.85019983e-01   7.27836792e+00   2.67756192e+00   3.62368601e-01\n",
      "    4.90412573e-02   6.63701244e-03]\n",
      " [  8.91282939e-01   6.58573963e+00   2.95916357e+00   4.00479240e-01\n",
      "    5.41989713e-02   7.33503313e-03]\n",
      " [  8.06466153e-01   5.95902365e+00   3.27038152e+00   4.42598009e-01\n",
      "    5.98991269e-02   8.10646530e-03]\n",
      " [  7.29720752e-01   5.39194757e+00   3.61433054e+00   4.89146448e-01\n",
      "    6.61987730e-02   8.95902970e-03]\n",
      " [  6.60278641e-01   4.87883592e+00   3.99445300e+00   5.40590429e-01\n",
      "    7.31609588e-02   9.90125908e-03]\n",
      " [  5.97444820e-01   4.41455329e+00   4.41455329e+00   5.97444820e-01\n",
      "    8.08553640e-02   1.09425836e-02]\n",
      " [  5.40590429e-01   3.99445300e+00   4.87883592e+00   6.60278641e-01\n",
      "    8.93589969e-02   1.20934251e-02]\n",
      " [  4.89146448e-01   3.61433054e+00   5.39194757e+00   7.29720752e-01\n",
      "    9.87569646e-02   1.33653018e-02]\n",
      " [  4.42598009e-01   3.27038152e+00   5.95902365e+00   8.06466153e-01\n",
      "    1.09143325e-01   1.47709428e-02]\n",
      " [  4.00479240e-01   2.95916357e+00   6.58573963e+00   8.91282939e-01\n",
      "    1.20622029e-01   1.63244165e-02]\n",
      " [  3.62368601e-01   2.67756192e+00   7.27836792e+00   9.85019983e-01\n",
      "    1.33307958e-01   1.80412703e-02]\n",
      " [  3.27884669e-01   2.42275822e+00   8.04384055e+00   1.08861544e+00\n",
      "    1.47328079e-01   1.99386873e-02]\n",
      " [  2.96682318e-01   2.19220229e+00   8.88981865e+00   1.20310612e+00\n",
      "    1.62822708e-01   2.20356573e-02]\n",
      " [  2.68449262e-01   1.98358666e+00   9.82476904e+00   1.32963790e+00\n",
      "    1.79946922e-01   2.43531676e-02]\n",
      " [  2.42902937e-01   1.79482343e+00   1.08580490e+01   1.46947714e+00\n",
      "    1.98872105e-01   2.69144126e-02]\n",
      " [  1.98872105e-01   1.46947714e+00   1.08580490e+01   1.79482343e+00\n",
      "    2.42902937e-01   3.28733378e-02]\n",
      " [  1.79946922e-01   1.32963790e+00   9.82476904e+00   1.98358666e+00\n",
      "    2.68449262e-01   3.63306569e-02]\n",
      " [  1.62822708e-01   1.20310612e+00   8.88981865e+00   2.19220229e+00\n",
      "    2.96682318e-01   4.01515855e-02]\n",
      " [  1.47328079e-01   1.08861544e+00   8.04384055e+00   2.42275822e+00\n",
      "    3.27884669e-01   4.43743646e-02]\n",
      " [  1.33307958e-01   9.85019983e-01   7.27836792e+00   2.67756192e+00\n",
      "    3.62368601e-01   4.90412573e-02]\n",
      " [  1.20622029e-01   8.91282939e-01   6.58573963e+00   2.95916357e+00\n",
      "    4.00479240e-01   5.41989713e-02]\n",
      " [  1.09143325e-01   8.06466153e-01   5.95902365e+00   3.27038152e+00\n",
      "    4.42598009e-01   5.98991269e-02]\n",
      " [  9.87569646e-02   7.29720752e-01   5.39194757e+00   3.61433054e+00\n",
      "    4.89146448e-01   6.61987730e-02]\n",
      " [  8.93589969e-02   6.60278641e-01   4.87883592e+00   3.99445300e+00\n",
      "    5.40590429e-01   7.31609588e-02]\n",
      " [  8.08553640e-02   5.97444820e-01   4.41455329e+00   4.41455329e+00\n",
      "    5.97444820e-01   8.08553640e-02]\n",
      " [  7.31609588e-02   5.40590429e-01   3.99445300e+00   4.87883592e+00\n",
      "    6.60278641e-01   8.93589969e-02]\n",
      " [  6.61987730e-02   4.89146448e-01   3.61433054e+00   5.39194757e+00\n",
      "    7.29720752e-01   9.87569646e-02]\n",
      " [  5.98991269e-02   4.42598009e-01   3.27038152e+00   5.95902365e+00\n",
      "    8.06466153e-01   1.09143325e-01]\n",
      " [  5.41989713e-02   4.00479240e-01   2.95916357e+00   6.58573963e+00\n",
      "    8.91282939e-01   1.20622029e-01]\n",
      " [  4.90412573e-02   3.62368601e-01   2.67756192e+00   7.27836792e+00\n",
      "    9.85019983e-01   1.33307958e-01]\n",
      " [  4.43743646e-02   3.27884669e-01   2.42275822e+00   8.04384055e+00\n",
      "    1.08861544e+00   1.47328079e-01]\n",
      " [  4.01515855e-02   2.96682318e-01   2.19220229e+00   8.88981865e+00\n",
      "    1.20310612e+00   1.62822708e-01]\n",
      " [  3.63306569e-02   2.68449262e-01   1.98358666e+00   9.82476904e+00\n",
      "    1.32963790e+00   1.79946922e-01]\n",
      " [  3.28733378e-02   2.42902937e-01   1.79482343e+00   1.08580490e+01\n",
      "    1.46947714e+00   1.98872105e-01]\n",
      " [  2.69144126e-02   1.98872105e-01   1.46947714e+00   1.08580490e+01\n",
      "    1.79482343e+00   2.42902937e-01]\n",
      " [  2.43531676e-02   1.79946922e-01   1.32963790e+00   9.82476904e+00\n",
      "    1.98358666e+00   2.68449262e-01]\n",
      " [  2.20356573e-02   1.62822708e-01   1.20310612e+00   8.88981865e+00\n",
      "    2.19220229e+00   2.96682318e-01]\n",
      " [  1.99386873e-02   1.47328079e-01   1.08861544e+00   8.04384055e+00\n",
      "    2.42275822e+00   3.27884669e-01]\n",
      " [  1.80412703e-02   1.33307958e-01   9.85019983e-01   7.27836792e+00\n",
      "    2.67756192e+00   3.62368601e-01]\n",
      " [  1.63244165e-02   1.20622029e-01   8.91282939e-01   6.58573963e+00\n",
      "    2.95916357e+00   4.00479240e-01]\n",
      " [  1.47709428e-02   1.09143325e-01   8.06466153e-01   5.95902365e+00\n",
      "    3.27038152e+00   4.42598009e-01]\n",
      " [  1.33653018e-02   9.87569646e-02   7.29720752e-01   5.39194757e+00\n",
      "    3.61433054e+00   4.89146448e-01]\n",
      " [  1.20934251e-02   8.93589969e-02   6.60278641e-01   4.87883592e+00\n",
      "    3.99445300e+00   5.40590429e-01]\n",
      " [  1.09425836e-02   8.08553640e-02   5.97444820e-01   4.41455329e+00\n",
      "    4.41455329e+00   5.97444820e-01]\n",
      " [  9.90125908e-03   7.31609588e-02   5.40590429e-01   3.99445300e+00\n",
      "    4.87883592e+00   6.60278641e-01]\n",
      " [  8.95902970e-03   6.61987730e-02   4.89146448e-01   3.61433054e+00\n",
      "    5.39194757e+00   7.29720752e-01]\n",
      " [  8.10646530e-03   5.98991269e-02   4.42598009e-01   3.27038152e+00\n",
      "    5.95902365e+00   8.06466153e-01]\n",
      " [  7.33503313e-03   5.41989713e-02   4.00479240e-01   2.95916357e+00\n",
      "    6.58573963e+00   8.91282939e-01]\n",
      " [  6.63701244e-03   4.90412573e-02   3.62368601e-01   2.67756192e+00\n",
      "    7.27836792e+00   9.85019983e-01]\n",
      " [  6.00541720e-03   4.43743646e-02   3.27884669e-01   2.42275822e+00\n",
      "    8.04384055e+00   1.08861544e+00]\n",
      " [  5.43392619e-03   4.01515855e-02   2.96682318e-01   2.19220229e+00\n",
      "    8.88981865e+00   1.20310612e+00]\n",
      " [  4.91681975e-03   3.63306569e-02   2.68449262e-01   1.98358666e+00\n",
      "    9.82476904e+00   1.32963790e+00]\n",
      " [  4.44892249e-03   3.28733378e-02   2.42902937e-01   1.79482343e+00\n",
      "    1.08580490e+01   1.46947714e+00]\n",
      " [  3.64246966e-03   2.69144126e-02   1.98872105e-01   1.46947714e+00\n",
      "    1.08580490e+01   1.79482343e+00]\n",
      " [  3.29584284e-03   2.43531676e-02   1.79946922e-01   1.32963790e+00\n",
      "    9.82476904e+00   1.98358666e+00]\n",
      " [  2.98220193e-03   2.20356573e-02   1.62822708e-01   1.20310612e+00\n",
      "    8.88981865e+00   2.19220229e+00]\n",
      " [  2.69840789e-03   1.99386873e-02   1.47328079e-01   1.08861544e+00\n",
      "    8.04384055e+00   2.42275822e+00]\n",
      " [  2.44162043e-03   1.80412703e-02   1.33307958e-01   9.85019983e-01\n",
      "    7.27836792e+00   2.67756192e+00]\n",
      " [  2.20926952e-03   1.63244165e-02   1.20622029e-01   8.91282939e-01\n",
      "    6.58573963e+00   2.95916357e+00]\n",
      " [  1.99902973e-03   1.47709428e-02   1.09143325e-01   8.06466153e-01\n",
      "    5.95902365e+00   3.27038152e+00]\n",
      " [  1.80879690e-03   1.33653018e-02   9.87569646e-02   7.29720752e-01\n",
      "    5.39194757e+00   3.61433054e+00]\n",
      " [  1.63666712e-03   1.20934251e-02   8.93589969e-02   6.60278641e-01\n",
      "    4.87883592e+00   3.99445300e+00]\n",
      " [  1.48091765e-03   1.09425836e-02   8.08553640e-02   5.97444820e-01\n",
      "    4.41455329e+00   4.41455329e+00]\n",
      " [  1.33998970e-03   9.90125908e-03   7.31609588e-02   5.40590429e-01\n",
      "    3.99445300e+00   4.87883592e+00]\n",
      " [  1.21247282e-03   8.95902970e-03   6.61987730e-02   4.89146448e-01\n",
      "    3.61433054e+00   5.39194757e+00]\n",
      " [  1.09709078e-03   8.10646530e-03   5.98991269e-02   4.42598009e-01\n",
      "    3.27038152e+00   5.95902365e+00]\n",
      " [  9.92688787e-04   7.33503313e-03   5.41989713e-02   4.00479240e-01\n",
      "    2.95916357e+00   6.58573963e+00]\n",
      " [  8.98221959e-04   6.63701244e-03   4.90412573e-02   3.62368601e-01\n",
      "    2.67756192e+00   7.27836792e+00]\n",
      " [  8.12744838e-04   6.00541720e-03   4.43743646e-02   3.27884669e-01\n",
      "    2.42275822e+00   8.04384055e+00]\n",
      " [  7.35401941e-04   5.43392619e-03   4.01515855e-02   2.96682318e-01\n",
      "    2.19220229e+00   8.88981865e+00]\n",
      " [  6.65419193e-04   4.91681975e-03   3.63306569e-02   2.68449262e-01\n",
      "    1.98358666e+00   9.82476904e+00]\n",
      " [  6.02096185e-04   4.44892249e-03   3.28733378e-02   2.42902937e-01\n",
      "    1.79482343e+00   1.08580490e+01]]\n"
     ]
    }
   ],
   "source": [
    "unknown = np.array(unknown_indexes) * Delta\n",
    "\n",
    "#Calcul de SIGMA_OI , la matrice de covariance entre les observations et les inconnues \n",
    "\n",
    "SIGMA_OI = np.array([[ SIGMA[i][j] for i in observation_indexes] for j in unknown_indexes])\n",
    "print(SIGMA_OI)"
   ]
  },
  {
   "cell_type": "code",
   "execution_count": 90,
   "metadata": {},
   "outputs": [
    {
     "name": "stdout",
     "output_type": "stream",
     "text": [
      "[[  1.20000000e+01   1.08580490e+01   9.82476904e+00 ...,   8.12744838e-04\n",
      "    7.35401941e-04   6.65419193e-04]\n",
      " [  1.08580490e+01   1.20000000e+01   1.08580490e+01 ...,   8.98221959e-04\n",
      "    8.12744838e-04   7.35401941e-04]\n",
      " [  9.82476904e+00   1.08580490e+01   1.20000000e+01 ...,   9.92688787e-04\n",
      "    8.98221959e-04   8.12744838e-04]\n",
      " ..., \n",
      " [  8.12744838e-04   8.98221959e-04   9.92688787e-04 ...,   1.20000000e+01\n",
      "    1.08580490e+01   9.82476904e+00]\n",
      " [  7.35401941e-04   8.12744838e-04   8.98221959e-04 ...,   1.08580490e+01\n",
      "    1.20000000e+01   1.08580490e+01]\n",
      " [  6.65419193e-04   7.35401941e-04   8.12744838e-04 ...,   9.82476904e+00\n",
      "    1.08580490e+01   1.20000000e+01]]\n"
     ]
    }
   ],
   "source": [
    "#Calcul de SIGMA_INCONNUES , la matrice de covariance entre les inconnues \n",
    "\n",
    "SIGMA_INCONNUES = np.array([[ SIGMA[i][j] for j in unknown_indexes] for i in unknown_indexes])\n",
    "print (SIGMA_INCONNUES)"
   ]
  },
  {
   "cell_type": "markdown",
   "metadata": {},
   "source": [
    "5)"
   ]
  },
  {
   "cell_type": "code",
   "execution_count": 91,
   "metadata": {},
   "outputs": [],
   "source": [
    "SIGMA_OBSERVATION_INVERSE = np.linalg.inv(SIGMA_OBSERVATION) #On inverse la matrice de covariance entre les observations\n",
    "m_Y = [mu for i in range (len(observation_indexes))]\n",
    "m_Z = [mu for i in range (len(unknown_indexes))]\n",
    "\n",
    "E_COND = m_Z + np.dot(np.matmul(SIGMA_OI ,(SIGMA_OBSERVATION_INVERSE)),(depth - m_Y))\n"
   ]
  },
  {
   "cell_type": "markdown",
   "metadata": {},
   "source": [
    "6)"
   ]
  },
  {
   "cell_type": "code",
   "execution_count": 92,
   "metadata": {},
   "outputs": [
    {
     "data": {
